viii

I. letnik 62 49 52

študijsko leto

26%

54% opravili izpit opravili le vaje niso opravili ničesar

∗ • Standardni odklon ali standardna deviacija SX je pozitivna vrednost kvadratnega korena variance, ∗ SX = ∗2 SX .

2.4

n

36

mX =

55

8.1

(9.1)

Enakomerna porazdelitev

72

FINV

∗2 SX nX

13 ANALIZA VARIANCE

b

22

5

11.8.4

PREGLEDNICE PORAZDELITEV

0.975 2.026 2.024 2.023 2.021 2.020 2.018 2.017 2.015 2.014 2.013 2.012 2.011 2.010 2.009 2.004 2.000 1.997 1.994 1.992 1.990 1.988 1.987 1.985 1.984 1.982 1.980 1.978 1.977 1.976 1.975 1.974 1.973 1.960

ν1 p=1−α 0.900 0.950 0.975 0.990 0.995 0.900 0.950 0.975 0.990 0.995 0.900 0.950 0.975 0.990 0.995 0.900 0.950 0.975 0.990 0.995 0.900 0.950 0.975 0.990 0.995 0.900 0.950 0.975 0.990 0.995 ν2 7 7 7 7 7 8 8 8 8 8 9 9 9 9 9 10 10 10 10 10 11 11 11 11 11 15 15 15 15 15 7 2.785 3.787 4.995 6.993 8.885 2.624 3.500 4.529 6.178 7.694 2.505 3.293 4.197 5.613 6.885 2.414 3.135 3.950 5.200 6.303 2.342 3.012 3.759 4.886 5.865 2.158 2.707 3.293 4.142 4.847 8 2.752 3.726 4.899 6.840 8.678 2.589 3.438 4.433 6.029 7.496 2.469 3.230 4.102 5.467 6.693 2.377 3.072 3.855 5.057 6.116 2.304 2.948 3.664 4.744 5.682 2.119 2.641 3.199 4.004 4.674 9 2.725 3.677 4.823 6.719 8.514 2.561 3.388 4.357 5.911 7.339 2.440 3.179 4.026 5.351 6.541 2.347 3.020 3.779 4.942 5.968 2.274 2.896 3.588 4.632 5.537 2.086 2.588 3.123 3.895 4.536 10 2.703 3.637 4.761 6.620 8.380 2.538 3.347 4.295 5.814 7.211 2.416 3.137 3.964 5.257 6.417 2.323 2.978 3.717 4.849 5.847 2.248 2.854 3.526 4.539 5.418 2.059 2.544 3.060 3.805 4.424 11 2.684 3.603 4.709 6.538 8.270 2.519 3.313 4.243 5.734 7.105 2.396 3.102 3.912 5.178 6.314 2.302 2.943 3.665 4.772 5.746 2.227 2.818 3.474 4.462 5.320 2.037 2.507 3.008 3.730 4.329 15 2.632 3.511 4.568 6.314 7.968 2.464 3.218 4.101 5.515 6.814 2.340 3.006 3.769 4.962 6.032 2.244 2.845 3.522 4.558 5.471 2.167 2.719 3.330 4.251 5.049 1.972 2.403 2.862 3.522 4.070

